55
65
56
68
79
59
71
66
64
64
66
66
75
79
65
65
73
83
140
56
64
65
67
62
64
79
65
65
65
79
83
56
69
78
57
57
65
84
65
62
78
78
83
65
65
75
69
81
65
65
65
65
73
83
73
60
64
68
65
65
65
58
83
65
65
69
71
84
65
62
84
65
65
65
65
75
65
65
71
56
65
79
70
83
79
67
66
65
64
64
59
60
81
65
64
55
64
77
77
81
81
56
65
74
77
68
65
65
63
63
65
65
66
65
65
65
65
65
59
65
68
77
68
65
56
65
67
65
56
65
65
65
62
65
68
64
83
65
84
65
62
71
81
56
65
83
62
62
65
65
65
66
84
65
71
81
84
59
64
65
79
65
55
65
67
84
83
65
58
77
68
65
65
65
70
56
65
75
65
63
59
140
64
64
58
65
65
56
65
63
64
73
65
68
79
65
58
70
65
67
63
63
65
65
66
65
62
83
70
77
65
58
65
73
70
65
74
62
71
65
56
65
70
56
65
68
65
65
65
69
65
65
84
68
66
56
74
73
79
65
57
78
83
65
84
65
65
81
64
65
81
79
70
60
81
83
55
65
58
65
66
83
63
83
65
65
65
71
55
84
71
65
140
83
65
70
66
63
65
64
84
60
70
77
71
65
65
66
66
65
63
65
62
69
57
81
77
77
62
65
64
56
65
65
70
62
65
65
58
75
55
65
56
83
65
56
81
65
65
69
81
64
65
69
57
84
65
64
75
62
70
70
65
65
81
65
58
66
65
65
70
60
58
55
58
65
67
58
60
58
69
65
65
77
74
57
60
63
77
71
84
77
65
70
65
65
60
62
79
69
84
83
55
62
140
81
56
64
67
65
65
75
65
65
67
63
65
65
65
70
65
64
64
68
65
70
65
65
65
83
84
63
65
60
69
75
66
60
65
84
84
75
65
65
74
77
78
64
78
55
60
65
62
55
58
55
65
73
69
64
66
77
65
65
66
70
65
65
65
81
65
65
65
64
83
65
65
58
65
77
65
65
81
65
64
57
79
77
65
77
65
70
56
65
70
64
55
77
79
65
65
65
64
65
65
65
84
58
74
64
68
65
79
64
83
65
65
84
65
65
70
62
60
75
81
65
65
77
66
63
75
65
68
64
65
70
56
77
77
71
65
56
65
66
65
65
75
140
65
64
65
64
65
65
71
65
140
81
55
75
65
65
62
83
65
58
58
75
71
140
59
63
62
64
65
62
69
78
56
84
58
60
58
60
69
59
81
84
66
65
