88
46
111
42
72
128
104
42
41
113
185
67
107
125
72
117
150
88
151
151
162
42
128
111
102
128
90
181
150
76
72
46
163
90
107
40
125
102
46
150
117
84
120
117
74
67
162
42
132
104
157
74
150
41
113
150
104
72
168
64
64
81
125
84
76
157
67
128
118
119
40
64
161
132
161
64
88
157
113
76
144
40
72
117
42
102
42
139
120
125
151
151
72
118
132
104
168
80
146
64
113
157
139
132
185
146
88
121
41
41
102
46
84
118
128
85
42
128
151
117
40
161
41
109
121
119
78
81
154
42
42
84
161
42
139
81
102
42
81
42
74
128
162
128
54
72
46
72
146
132
125
67
161
132
67
150
64
72
157
85
125
85
163
54
157
76
40
104
157
150
144
185
139
81
67
67
161
84
109
80
78
113
72
54
90
132
72
85
54
161
144
104
64
162
41
161
150
162
109
111
157
67
119
42
72
111
162
46
128
113
41
72
107
107
84
109
88
102
146
42
181
81
84
81
42
144
154
76
85
102
109
161
161
85
151
107
162
118
46
72
74
154
81
111
90
40
157
90
120
146
139
54
54
67
161
54
64
72
151
146
64
120
128
161
54
81
42
132
120
102
157
72
41
146
74
90
162
81
80
132
185
139
128
113
54
72
121
125
119
161
185
111
42
40
185
88
54
163
154
139
117
109
154
88
72
168
54
157
72
54
46
118
76
76
162
67
107
163
80
139
78
150
146
117
46
117
67
109
64
154
76
117
42
40
120
74
76
42
157
163
42
139
42
67
157
118
104
74
42
150
181
121
111
185
181
107
111
81
72
154
151
118
154
54
117
107
76
146
146
125
154
162
163
146
72
150
46
80
139
42
161
181
84
80
117
64
67
109
102
42
111
84
161
88
46
40
54
42
42
128
67
76
72
139
120
150
132
163
104
162
150
74
151
139
42
109
157
67
54
150
150
54
42
46
151
132
76
41
128
107
162
151
150
146
151
76
109
81
120
181
54
144
42
42
72
154
78
72
41
81
102
118
72
72
74
118
157
181
157
76
120
78
125
132
88
181
121
46
111
72
46
144
41
42
157
139
41
84
72
41
46
120
102
107
42
128
54
163
125
84
119
150
76
154
125
80
168
42
54
84
161
146
40
162
90
168
72
146
81
42
111
132
42
157
42
132
111
102
181
161
120
154
119
157
151
113
90
67
185
154
88
128
128
121
128
151
113
121
42
67
78
104
41
46
154
41
109
85
72
104
119
118
102
54
151
168
90
161
185
107
