91
123
102
93
102
101
102
101
102
86
85
142
102
99
86
98
117
117
98
102
95
94
13
99
89
104
85
96
102
121
94
88
102
120
93
117
98
96
13
104
102
102
102
108
102
102
105
89
118
118
89
153
170
102
102
170
153
115
94
102
111
121
102
97
101
111
99
148
108
117
106
93
99
13
96
136
102
117
112
102
107
88
99
123
94
120
102
142
170
102
102
96
102
93
102
112
102
97
88
98
88
144
102
153
136
101
102
102
115
136
104
96
102
99
13
112
99
160
103
102
102
89
112
88
98
102
97
170
102
102
86
113
102
102
89
123
136
102
104
170
102
102
97
153
86
147
98
148
93
96
102
153
105
102
147
94
101
93
102
136
91
91
102
86
102
89
102
170
103
107
111
102
115
102
117
102
160
102
102
86
102
112
104
93
123
123
102
98
142
13
100
105
89
91
102
102
85
89
96
111
96
102
102
102
102
102
91
89
107
112
112
134
144
144
113
102
100
106
106
85
102
94
142
117
91
118
94
121
96
102
99
98
123
102
102
91
108
136
168
98
102
99
101
102
168
112
91
91
98
102
86
101
100
160
117
101
148
89
117
102
146
105
88
93
101
101
170
97
112
102
103
121
96
102
96
123
102
167
102
96
89
102
104
106
148
112
170
115
91
93
94
102
101
89
117
147
98
101
101
89
117
115
104
144
85
111
117
113
102
104
102
102
86
102
89
144
86
89
160
102
102
102
86
102
112
104
102
170
86
85
105
118
148
123
98
100
117
104
147
102
102
121
95
101
147
118
139
93
168
120
101
101
113
95
112
147
101
155
105
99
117
102
112
102
94
96
89
95
108
102
120
102
102
95
111
102
147
93
91
139
89
111
104
144
102
168
108
170
91
111
95
102
160
123
102
117
102
102
113
85
86
148
144
117
102
85
91
102
148
120
98
94
102
98
123
102
102
85
142
102
99
106
123
96
88
99
112
96
99
118
106
94
102
112
101
96
104
96
123
148
91
111
102
102
85
113
86
102
100
103
139
102
93
111
113
86
111
107
102
117
86
85
103
108
117
86
86
93
97
103
112
121
89
115
142
86
102
139
101
102
13
142
102
85
89
107
139
118
96
170
93
91
100
102
168
94
102
86
102
123
102
107
117
91
168
102
120
120
102
111
102
104
102
153
102
101
111
102
100
170
91
112
139
142
102
102
85
102
102
97
96
103
91
89
91
170
108
139
99
102
102
123
86
121
96
170
112
102
102
107
86
101
91
96
168
112
117
102
102
102
